ADD(0-3)
000 000 000 01 01 1000011
000 100 000 00 00 0000010
001 000 000 00 00 1000000
000 000 000 10 00 0000110
BRANCH(4-7)
000 000 000 10 00 0000110
000 000 000 00 00 1000000
000 000 000 01 01 1000011
000 000 110 00 00 1000000
STORE(8-11)
000 000 000 01 01 1000011
000 101 000 00 00 0001010
111 000 000 00 00 1000000
000 000 000 00 00 1000000
EXCHANGE(12-15)
000 000 000 01 01 1000011
001 000 000 00 00 0001110
100 101 000 00 00 0001111
111 000 000 00 00 1000000
FETCH(64-66)
110 000 000 00 00 1000001
000 100 101 00 00 1000010
101 000 000 00 11 0000000
INDRCT(67-68)
000 100 000 00 00 1000100
101 000 000 00 10 0000000
